%%MatrixMarket matrix coordinate real general
1500 1500 93047
1 1                    1
1 66                    0
2 2                    1
2 67                    0
3 3                    1
3 68                    0
4 4                    1
4 69                    0
5 5                    1
5 70                    0
6 6                    1
6 71                    0
7 7                    1
7 72                    0
8 8                    1
8 73                    0
9 9                    1
9 74                    0
10 10                    1
10 75                    0
11 11                    1
11 76                    0
12 12                    1
12 77                    0
13 13                    1
13 78                    0
14 14                    1
14 79                    0
15 15                    1
15 80                    0
16 16                    1
16 81                    0
17 17                    1
17 82                    0
18 18                    1
18 83                    0
19 19                    1
19 84                    0
20 20                    1
20 85                    0
21 21                    1
21 86                    0
22 22                    1
22 87                    0
23 23                    1
23 88                    0
24 24                    1
24 89                    0
25 25                    1
25 90                    0
26 26                    1
26 91                    0
27 27                    1
27 92                    0
28 28                    1
28 93                    0
29 29                    1
29 94                    0
30 30                    1
30 95                    0
31 31                    1
31 96                    0
32 32                    1
32 97                    0
33 33                    1
33 98                    0
34 34                    1
34 99                    0
35 35                    1
35 100                    0
36 36                    1
36 101                    0
37 37                    1
37 102                    0
38 38                    1
38 103                    0
39 39                    1
39 104                    0
40 40                    1
40 105                    0
41 41                    1
41 106                    0
42 42                    1
42 107                    0
43 43                    1
43 108                    0
44 44                    1
44 109                    0
45 45                    1
45 110                    0
46 46                    1
46 111                    0
47 47                    1
47 112                    0
48 48                    1
48 113                    0
49 49                    1
49 114                    0
50 50                    1
50 115                    0
51 51                    1
51 116                    0
52 52                    1
52 117                    0
53 53                    1
53 118                    0
54 54                    1
54 119                    0
55 55                    1
55 120                    0
56 56                    1
56 121                    0
57 57                    1
57 122                    0
58 58                    1
58 123                    0
59 59                    1
59 124                    0
60 60                    1
60 125                    0
61 61                    1
61 126                    0
62 62                    1
62 127                    0
63 63                    1
63 128                    0
64 64                    1
64 129                    0
65 65                    1
65 130                    0
66 66                   64
66 67                  -64
67 2                -2560
67 66               -16000
67 67                37100
67 68               -16000
67 69 7.730000000000000397e-09
67 70 3.19000000000000011e-08
67 71 1.299999999999999994e-07
67 72 5.300000000000000078e-07
67 73 2.169999999999999976e-06
67 74 8.980000000000000419e-06
67 75 2.379999999999999913e-05
67 76 3.960000000000000033e-05
67 77 5.589999999999999673e-05
67 78 6.940000000000000639e-05
67 79 7.700000000000000139e-05
67 80 7.729999999999999513e-05
67 81 7.050000000000000602e-05
67 82 5.789999999999999791e-05
67 83 4.179999999999999959e-05
67 84 2.50000000000000012e-05
67 85 9.799999999999999345e-06
67 86 -1.959999999999999869e-06
67 87 -9.249999999999999528e-06
67 88 -1.189999999999999957e-05
67 89 -1.060000000000000016e-05
67 90 -6.350000000000000189e-06
67 91 -6.080000000000000445e-07
67 92 5.169999999999999628e-06
67 93 9.690000000000000398e-06
67 94 1.20000000000000003e-05
67 95 1.150000000000000001e-05
67 96 8.209999999999999321e-06
67 97 2.389999999999999987e-06
67 98 -5.270000000000000365e-06
67 99 -1.390000000000000075e-05
67 100 -2.239999999999999899e-05
67 101 -3.00999999999999998e-05
67 102 -3.600000000000000091e-05
67 103 -3.979999999999999841e-05
67 104 -4.119999999999999856e-05
67 105 -4.039999999999999944e-05
67 106 -3.779999999999999723e-05
67 107 -3.399999999999999973e-05
67 108 -2.979999999999999929e-05
67 109 -2.570000000000000127e-05
67 110 -2.239999999999999899e-05
67 111 -2.019999999999999972e-05
67 112 -1.919999999999999913e-05
67 113 -1.919999999999999913e-05
67 114 -1.970000000000000112e-05
67 115 -2.029999999999999876e-05
67 116 -2.019999999999999972e-05
67 117 -1.930000000000000156e-05
67 118 -1.709999999999999891e-05
67 119 -1.399999999999999979e-05
67 120 -1.02000000000000006e-05
67 121 -6.459999999999999983e-06
67 122 -2.550000000000000149e-06
67 123 -6.419999999999999519e-07
67 124 -1.640000000000000127e-07
67 125 -4.220000000000000068e-08
67 126            -1.09e-08
67 127 -2.779999999999999913e-09
67 128 -6.540000000000000163e-10
67 129 -1.080000000000000019e-10
67 130                    0
67 132                -2560
68 3                -2560
68 66                    0
68 67               -16000
68 68                37100
68 69               -16000
68 70 2.020000000000000089e-07
68 71 8.239999999999999669e-07
68 72 3.369999999999999922e-06
68 73 1.390000000000000075e-05
68 74 5.759999999999999739e-05
68 75 0.0001540000000000000028
68 76 0.0002579999999999999828
68 77 0.000366999999999999976
68 78 0.0004589999999999999896
68 79 0.0005130000000000000011
68 80 0.0005190000000000000386
68 81 0.0004780000000000000178
68 82 0.0003989999999999999949
68 83 0.0002970000000000000092
68 84 0.000187999999999999989
68 85 8.820000000000000257e-05
68 86 9.550000000000000044e-06
68 87 -4.139999999999999664e-05
68 88 -6.329999999999999364e-05
68 89 -5.9700000000000001e-05
68 90 -3.740000000000000106e-05
68 91 -5.300000000000000078e-06
68 92 2.769999999999999906e-05
68 93 5.349999999999999938e-05
68 94 6.609999999999999394e-05
68 95 6.219999999999999401e-05
68 96 4.11000000000000029e-05
68 97 4.799999999999999783e-06
68 98 -4.259999999999999871e-05
68 99            -9.59e-05
68 100 -0.0001489999999999999897
68 101 -0.0001969999999999999909
68 102 -0.0002339999999999999958
68 103 -0.0002579999999999999828
68 104 -0.0002689999999999999791
68 105 -0.0002649999999999999903
68 106 -0.0002509999999999999753
68 107 -0.000230000000000000007
68 108 -0.0002049999999999999956
68 109 -0.0001810000000000000085
68 110 -0.0001620000000000000075
68 111 -0.0001479999999999999925
68 112 -0.000141000000000000012
68 113 -0.0001399999999999999877
68 114 -0.000141000000000000012
68 115 -0.0001420000000000000092
68 116 -0.0001389999999999999905
68 117 -0.0001299999999999999886
68 118 -0.0001140000000000000063
68 119 -9.150000000000000147e-05
68 120 -6.600000000000000506e-05
68 121 -4.119999999999999856e-05
68 122 -1.609999999999999832e-05
68 123 -4.019999999999999628e-06
68 124 -1.019999999999999975e-06
68 125 -2.61000000000000021e-07
68 126 -6.700000000000000438e-08
68 127 -1.700000000000000002e-08
68 128 -3.989999999999999663e-09
68 129 -6.540000000000000163e-10
68 130                    0
68 133                -2560
69 4                -2560
69 66                    0
69 67 7.730000000000000397e-09
69 68               -16000
69 69                37100
69 70               -16000
69 71 3.710000000000000054e-06
69 72 1.52999999999999992e-05
69 73 6.339999999999999607e-05
69 74 0.0002640000000000000202
69 75 0.0007100000000000000191
69 76 0.001209999999999999921
69 77 0.00174000000000000001
69 78 0.002190000000000000106
69 79 0.002469999999999999973
69 80 0.002530000000000000131
69 81 0.002360000000000000119
69 82 0.002010000000000000068
69 83 0.001539999999999999919
69 84 0.001039999999999999909
69 85 0.000568000000000000037
69 86 0.000187999999999999989
69 87 -7.129999999999999836e-05
69 88 -0.0002010000000000000068
69 89 -0.0002169999999999999891
69 90 -0.0001469999999999999953
69 91 -3.000000000000000076e-05
69 92 9.480000000000000037e-05
69 93 0.0001920000000000000049
69 94 0.0002359999999999999902
69 95 0.0002110000000000000059
69 96 0.0001150000000000000035
69 97 -4.559999999999999709e-05
69 98 -0.0002530000000000000239
69 99 -0.0004850000000000000253
69 100 -0.0007179999999999999967
69 101 -0.0009269999999999999811
69 102 -0.00109000000000000004
69 103 -0.001209999999999999921
69 104 -0.001260000000000000052
69 105 -0.001260000000000000052
69 106 -0.001209999999999999921
69 107 -0.001129999999999999928
69 108 -0.0010300000000000001
69 109 -0.0009340000000000000429
69 110 -0.0008540000000000000499
69 111 -0.0007960000000000000495
69 112 -0.0007630000000000000063
69 113 -0.0007489999999999999913
69 114 -0.000742000000000000038
69 115 -0.0007290000000000000473
69 116 -0.0006970000000000000284
69 117 -0.0006380000000000000037
69 118 -0.0005469999999999999602
69 119 -0.0004319999999999999838
69 120 -0.0003060000000000000111
69 121 -0.0001869999999999999917
69 122 -7.229999999999999556e-05
69 123 -1.790000000000000141e-05
69 124 -4.470000000000000401e-06
69 125 -1.129999999999999981e-06
69 126 -2.89000000000000007e-07
69 127 -7.269999999999999586e-08
69 128 -1.700000000000000002e-08
69 129 -2.779999999999999913e-09
69 130                    0
69 134                -2560
70 5                -2560
70 66                    0
70 67 3.19000000000000011e-08
70 68 2.020000000000000089e-07
70 69               -16000
70 70                37100
70 71               -16000
70 72 6.4800000000000003e-05
70 73 0.0002700000000000000035
70 74 0.001129999999999999928
70 75 0.003079999999999999839
70 76 0.005309999999999999616
70 77 0.007720000000000000299
70 78 0.009809999999999999276
70 79 0.01119999999999999989
70 80 0.0115999999999999992
70 81 0.01099999999999999936
70 82 0.009520000000000000684
70 83 0.007530000000000000235
70 84 0.005340000000000000129
70 85 0.003249999999999999851
70 86 0.001520000000000000084
70 87 0.0002860000000000000129
70 88 -0.0004150000000000000043
70 89 -0.0006340000000000000149
70 90 -0.0004889999999999999599
70 91 -0.0001340000000000000045
70 92 0.0002730000000000000222
70 93 0.0005890000000000000053
70 94 0.000705000000000000006
70 95 0.0005609999999999999752
70 96 0.000141000000000000012
70 97 -0.0005249999999999999676
70 98 -0.001369999999999999907
70 99 -0.002320000000000000014
70 100 -0.003269999999999999903
70 101 -0.004120000000000000398
70 102 -0.004819999999999999632
70 103 -0.005309999999999999616
70 104 -0.005570000000000000298
70 105 -0.005610000000000000403
70 106 -0.005470000000000000036
70 107 -0.005199999999999999761
70 108 -0.004859999999999999737
70 109 -0.004519999999999999712
70 110 -0.004219999999999999793
70 111 -0.004000000000000000083
70 112 -0.003850000000000000124
70 113 -0.003749999999999999861
70 114 -0.003650000000000000033
70 115 -0.003520000000000000125
70 116 -0.003299999999999999982
70 117 -0.002949999999999999931
70 118             -0.00248
70 119 -0.001920000000000000049
70 120 -0.001340000000000000045
70 121 -0.0008030000000000000028
70 122 -0.0003049999999999999868
70 123 -7.420000000000000109e-05
70 124 -1.830000000000000097e-05
70 125 -4.590000000000000099e-06
70 126 -1.159999999999999905e-06
70 127 -2.89000000000000007e-07
70 128 -6.700000000000000438e-08
70 129            -1.09e-08
70 130                    0
70 135                -2560
71 6                -2560
71 66                    0
71 67 1.299999999999999994e-07
71 68 8.239999999999999669e-07
71 69 3.710000000000000054e-06
71 70               -16000
71 71                37100
71 72               -16000
71 73 0.001139999999999999954
71 74 0.004810000000000000039
71 75 0.01319999999999999993
71 76 0.02309999999999999901
71 77 0.03389999999999999958
71 78 0.04359999999999999987
71 79 0.0500999999999999987
71 80 0.05229999999999999927
71 81 0.05020000000000000157
71 82 0.04440000000000000197
71 83 0.03599999999999999728
71 84 0.02659999999999999865
71 85 0.01750000000000000167
71 86 0.009679999999999999369
71 87 0.003910000000000000281
71 88 0.0003159999999999999832
71 89 -0.001280000000000000105
71 90 -0.001340000000000000045
71 91 -0.0004670000000000000214
71 92 0.0006899999999999999667
71 93 0.001569999999999999998
71 94 0.001729999999999999984
71 95 0.0009240000000000000166
71 96 -0.0009100000000000000016
71 97 -0.003670000000000000085
71 98 -0.007119999999999999593
71 99 -0.01089999999999999997
71 100 -0.01480000000000000066
71 101 -0.01830000000000000029
71 102 -0.0211000000000000007
71 103 -0.0231999999999999984
71 104 -0.02450000000000000094
71 105 -0.02489999999999999852
71 106 -0.02460000000000000034
71 107 -0.02369999999999999885
71 108 -0.02259999999999999856
71 109 -0.02149999999999999828
71 110 -0.02040000000000000147
71 111 -0.01949999999999999997
71 112 -0.01890000000000000013
71 113 -0.01830000000000000029
71 114 -0.01760000000000000106
71 115 -0.01669999999999999957
71 116 -0.01540000000000000049
71 117 -0.01349999999999999985
71 118 -0.01119999999999999989
71 119 -0.008510000000000000203
71 120 -0.00581000000000000006
71 121 -0.003419999999999999863
71 122 -0.001280000000000000105
71 123 -0.0003069999999999999812
71 124 -7.480000000000000212e-05
71 125 -1.849999999999999906e-05
71 126 -4.590000000000000099e-06
71 127 -1.129999999999999981e-06
71 128 -2.61000000000000021e-07
71 129 -4.220000000000000068e-08
71 130                    0
71 136                -2560
72 7                -2560
72 66                    0
72 67 5.300000000000000078e-07
72 68 3.369999999999999922e-06
72 69 1.52999999999999992e-05
72 70 6.4800000000000003e-05
72 71               -16000
72 72                37100
72 73               -16000
72 74 0.02050000000000000086
72 75 0.05680000000000000326
72 76 0.1010000000000000064
72 77 0.1489999999999999936
72 78 0.1930000000000000049
72 79 0.2240000000000000047
72 80 0.2369999999999999885
72 81 0.2290000000000000091
72 82 0.2059999999999999887
72 83 0.1710000000000000131
72 84 0.1300000000000000044
72 85 0.08999999999999999667
72 86 0.05519999999999999907
72 87 0.02840000000000000163
72 88 0.01060000000000000005
72 89 0.001049999999999999935
72 90 -0.002010000000000000068
72 91 -0.0009979999999999999722
72 92 0.001510000000000000057
72 93 0.003229999999999999798
72 94 0.002429999999999999868
72 95 -0.001899999999999999996
72 96 -0.0100999999999999996
72 97 -0.02170000000000000054
72 98 -0.03590000000000000135
72 99 -0.05140000000000000124
72 100 -0.067000000000000004
72 101 -0.08129999999999999727
72 102 -0.09329999999999999405
72 103 -0.1019999999999999934
72 104 -0.1079999999999999988
72 105 -0.1110000000000000014
72 106 -0.1110000000000000014
72 107 -0.1079999999999999988
72 108 -0.1049999999999999961
72 109 -0.1010000000000000064
72 110 -0.09750000000000000333
72 111 -0.09420000000000000595
72 112 -0.09120000000000000329
72 113 -0.08809999999999999776
72 114 -0.08419999999999999707
72 115 -0.07900000000000000078
72 116 -0.07169999999999999984
72 117 -0.06210000000000000242
72 118 -0.05059999999999999915
72 119 -0.03790000000000000313
72 120 -0.02539999999999999897
72 121 -0.01469999999999999953
72 122 -0.005409999999999999878
72 123 -0.001280000000000000105
72 124 -0.0003069999999999999812
72 125 -7.480000000000000212e-05
72 126 -1.830000000000000097e-05
72 127 -4.470000000000000401e-06
72 128 -1.019999999999999975e-06
72 129 -1.640000000000000127e-07
72 130                    0
72 137                -2560
73 8                -2560
73 66                    0
73 67 2.169999999999999976e-06
73 68 1.390000000000000075e-05
73 69 6.339999999999999607e-05
73 70 0.0002700000000000000035
73 71 0.001139999999999999954
73 72               -16000
73 73                37100
73 74               -16000
73 75 0.2449999999999999956
73 76 0.4410000000000000031
73 77 0.661000000000000032
73 78 0.8619999999999999885
73 79 1.010000000000000009
73 80 1.070000000000000062
73 81 1.050000000000000044
73 82 0.9519999999999999574
73 83 0.8020000000000000462
73 84 0.6270000000000000018
73 85 0.4520000000000000129
73 86 0.2959999999999999853
73 87 0.1719999999999999862
73 88 0.08580000000000000127
73 89 0.03370000000000000079
73 90 0.00915999999999999974
73 91 0.002350000000000000092
73 92 0.00298000000000000001
73 93 0.001820000000000000003
73 94 -0.008089999999999999969
73 95 -0.03090000000000000038
73 96 -0.06790000000000000202
73 97 -0.1179999999999999938
73 98 -0.1769999999999999907
73 99 -0.240999999999999992
73 100 -0.3049999999999999933
73 101 -0.3649999999999999911
73 102 -0.41499999999999998
73 103 -0.4550000000000000155
73 104 -0.4809999999999999831
73 105 -0.4959999999999999964
73 106                 -0.5
73 107 -0.4959999999999999964
73 108 -0.4869999999999999885
73 109 -0.4749999999999999778
73 110 -0.4620000000000000218
73 111 -0.4490000000000000102
73 112 -0.4359999999999999987
73 113 -0.4199999999999999845
73 114 -0.4000000000000000222
73 115 -0.3709999999999999964
73 116 -0.3330000000000000182
73 117 -0.2859999999999999765
73 118 -0.23000000000000001
73 119 -0.1700000000000000122
73 120 -0.1130000000000000032
73 121 -0.06400000000000000133
73 122 -0.0231999999999999984
73 123 -0.005409999999999999878
73 124 -0.001280000000000000105
73 125 -0.0003069999999999999812
73 126 -7.420000000000000109e-05
73 127 -1.790000000000000141e-05
73 128 -4.019999999999999628e-06
73 129 -6.419999999999999519e-07
73 130                    0
73 138                -2560
74 9                -2560
74 66                    0
74 67 8.980000000000000419e-06
74 68 5.759999999999999739e-05
74 69 0.0002640000000000000202
74 70 0.001129999999999999928
74 71 0.004810000000000000039
74 72 0.02050000000000000086
74 73               -16000
74 74                53000
74 75               -31900
74 76 1.939999999999999947
74 77  2.93000000000000016
74 78 3.850000000000000089
74 79 4.530000000000000249
74 80 4.849999999999999645
74 81 4.790000000000000036
74 82  4.38999999999999968
74 83 3.759999999999999787
74 84                    3
74 85 2.229999999999999982
74 86 1.530000000000000027
74 87 0.9589999999999999636
74 88  0.54500000000000004
74 89 0.2750000000000000222
74 90 0.1229999999999999982
74 91 0.04809999999999999692
74 92 0.00894000000000000003
74 93 -0.0318999999999999978
74 94 -0.1029999999999999943
74 95 -0.2200000000000000011
74 96 -0.3900000000000000133
74 97 -0.606999999999999984
74 98 -0.8599999999999999867
74 99 -1.129999999999999893
74 100 -1.399999999999999911
74 101 -1.649999999999999911
74 102 -1.860000000000000098
74 103 -2.029999999999999805
74 104 -2.160000000000000142
74 105 -2.240000000000000213
74 106 -2.270000000000000018
74 107 -2.279999999999999805
74 108 -2.259999999999999787
74 109 -2.220000000000000195
74 110 -2.18000000000000016
74 111 -2.129999999999999893
74 112 -2.06999999999999984
74 113 -1.989999999999999991
74 114 -1.889999999999999902
74 115 -1.739999999999999991
74 116 -1.550000000000000044
74 117 -1.320000000000000062
74 118 -1.050000000000000044
74 119 -0.768000000000000016
74 120 -0.5020000000000000018
74 121 -0.2819999999999999729
74 122 -0.1010000000000000064
74 123 -0.0231999999999999984
74 124 -0.005409999999999999878
74 125 -0.001280000000000000105
74 126 -0.0003049999999999999868
74 127 -7.229999999999999556e-05
74 128 -1.609999999999999832e-05
74 129 -2.550000000000000149e-06
74 130                    0
74 139                -2560
75 10                -7670
75 66                    0
75 67 2.379999999999999913e-05
75 68 0.0001540000000000000028
75 69 0.0007100000000000000191
75 70 0.003079999999999999839
75 71 0.01319999999999999993
75 72 0.05680000000000000326
75 73 0.2449999999999999956
75 74               -31900
75 75                95200
75 76               -47900
75 77                   12
75 78                 16.5
75 79 19.80000000000000071
75 80 21.39999999999999858
75 81 21.10000000000000142
75 82 19.10000000000000142
75 83 15.90000000000000036
75 84 12.19999999999999929
75 85 8.429999999999999716
75 86  5.11000000000000032
75 87 2.490000000000000213
75 88 0.6560000000000000275
75 89 -0.451000000000000012
75 90 -0.9879999999999999893
75 91 -1.149999999999999911
75 92 -1.139999999999999902
75 93 -1.129999999999999893
75 94 -1.229999999999999982
75 95 -1.510000000000000009
75 96 -1.979999999999999982
75 97 -2.609999999999999876
75 98 -3.359999999999999876
75 99 -4.179999999999999716
75 100 -4.990000000000000213
75 101                -5.75
75 102 -6.419999999999999929
75 103 -6.990000000000000213
75 104 -7.450000000000000178
75 105 -7.809999999999999609
75 106 -8.089999999999999858
75 107 -8.320000000000000284
75 108 -8.509999999999999787
75 109 -8.669999999999999929
75 110 -8.800000000000000711
75 111 -8.869999999999999218
75 112 -8.839999999999999858
75 113 -8.669999999999999929
75 114 -8.289999999999999147
75 115 -7.669999999999999929
75 116 -6.780000000000000249
75 117 -5.650000000000000355
75 118 -4.36000000000000032
75 119 -3.029999999999999805
75 120 -1.810000000000000053
75 121               -0.875
75 122 -0.2819999999999999729
75 123 -0.06400000000000000133
75 124 -0.01469999999999999953
75 125 -0.003419999999999999863
75 126 -0.0008030000000000000028
75 127 -0.0001869999999999999917
75 128 -4.119999999999999856e-05
75 129 -6.459999999999999983e-06
75 130                    0
75 140                -7670
76 11                -7670
76 66                    0
76 67 3.960000000000000033e-05
76 68 0.0002579999999999999828
76 69 0.001209999999999999921
76 70 0.005309999999999999616
76 71 0.02309999999999999901
76 72 0.1010000000000000064
76 73 0.4410000000000000031
76 74 1.939999999999999947
76 75               -47900
76 76               111000
76 77               -47900
76 78 45.10000000000000142
76 79 55.20000000000000284
76 80 60.10000000000000142
76 81 59.20000000000000284
76 82 53.39999999999999858
76 83 43.89999999999999858
76 84 32.79999999999999716
76 85 21.69999999999999929
76 86 11.90000000000000036
76 87 4.290000000000000036
76 88 -0.981999999999999984
76 89 -4.080000000000000071
76 90 -5.459999999999999964
76 91 -5.709999999999999964
76 92 -5.419999999999999929
76 93 -5.049999999999999822
76 94 -4.929999999999999716
76 95                -5.25
76 96 -6.019999999999999574
76 97 -7.200000000000000178
76 98 -8.660000000000000142
76 99 -10.30000000000000071
76 100 -11.90000000000000036
76 101 -13.40000000000000036
76 102 -14.90000000000000036
76 103 -16.10000000000000142
76 104 -17.30000000000000071
76 105 -18.39999999999999858
76 106 -19.39999999999999858
76 107 -20.39999999999999858
76 108 -21.39999999999999858
76 109 -22.39999999999999858
76 110 -23.39999999999999858
76 111 -24.10000000000000142
76 112                -24.5
76 113 -24.30000000000000071
76 114 -23.39999999999999858
76 115 -21.69999999999999929
76 116 -19.10000000000000142
76 117 -15.69999999999999929
76 118 -11.90000000000000036
76 119 -7.929999999999999716
76 120 -4.410000000000000142
76 121 -1.810000000000000053
76 122 -0.5020000000000000018
76 123 -0.1130000000000000032
76 124 -0.02539999999999999897
76 125 -0.00581000000000000006
76 126 -0.001340000000000000045
76 127 -0.0003060000000000000111
76 128 -6.600000000000000506e-05
76 129 -1.02000000000000006e-05
76 130                    0
76 141                -7670
77 12                -7670
77 66                    0
77 67 5.589999999999999673e-05
77 68 0.000366999999999999976
77 69 0.00174000000000000001
77 70 0.007720000000000000299
77 71 0.03389999999999999958
77 72 0.1489999999999999936
77 73 0.661000000000000032
77 74  2.93000000000000016
77 75                   12
77 76               -47900
77 77               111000
77 78               -47800
77 79                  101
77 80                  111
77 81                  111
77 82                  100
77 83 83.40000000000000568
77 84 63.10000000000000142
77 85                 42.5
77 86 24.19999999999999929
77 87 9.560000000000000497
77 88 -0.7980000000000000426
77 89 -7.179999999999999716
77 90 -10.40000000000000036
77 91 -11.40000000000000036
77 92 -11.19999999999999929
77 93 -10.80000000000000071
77 94 -10.59999999999999964
77 95                  -11
77 96 -12.19999999999999929
77 97                  -14
77 98 -16.19999999999999929
77 99 -18.69999999999999929
77 100 -21.19999999999999929
77 101 -23.69999999999999929
77 102 -26.10000000000000142
77 103 -28.30000000000000071
77 104                -30.5
77 105 -32.60000000000000142
77 106 -34.79999999999999716
77 107                  -37
77 108 -39.39999999999999858
77 109 -41.70000000000000284
77 110 -43.89999999999999858
77 111 -45.60000000000000142
77 112                -46.5
77 113 -46.29999999999999716
77 114 -44.70000000000000284
77 115 -41.39999999999999858
77 116 -36.39999999999999858
77 117 -29.80000000000000071
77 118 -22.30000000000000071
77 119 -14.69999999999999929
77 120 -7.929999999999999716
77 121 -3.029999999999999805
77 122 -0.768000000000000016
77 123 -0.1700000000000000122
77 124 -0.03790000000000000313
77 125 -0.008510000000000000203
77 126 -0.001920000000000000049
77 127 -0.0004319999999999999838
77 128 -9.150000000000000147e-05
77 129 -1.399999999999999979e-05
77 130                    0
77 142                -7670
78 13                -7670
78 66                    0
78 67 6.940000000000000639e-05
78 68 0.0004589999999999999896
78 69 0.002190000000000000106
78 70 0.009809999999999999276
78 71 0.04359999999999999987
78 72 0.1930000000000000049
78 73 0.8619999999999999885
78 74 3.850000000000000089
78 75                 16.5
78 76 45.10000000000000142
78 77               -47800
78 78               111000
78 79               -47800
78 80                  164
78 81                  165
78 82                  152
78 83                  129
78 84                  100
78 85                 70.5
78 86 43.39999999999999858
78 87 21.10000000000000142
78 88                  4.5
78 89 -6.530000000000000249
78 90 -12.90000000000000036
78 91                  -16
78 92                  -17
78 93 -17.30000000000000071
78 94                -17.5
78 95 -18.39999999999999858
78 96 -19.89999999999999858
78 97 -22.19999999999999929
78 98 -25.10000000000000142
78 99 -28.30000000000000071
78 100 -31.69999999999999929
78 101 -35.10000000000000142
78 102                -38.5
78 103 -41.79999999999999716
78 104 -45.20000000000000284
78 105 -48.70000000000000284
78 106 -52.29999999999999716
78 107 -56.20000000000000284
78 108 -60.10000000000000142
78 109 -64.09999999999999432
78 110 -67.70000000000000284
78 111                -70.5
78 112 -72.09999999999999432
78 113 -71.90000000000000568
78 114 -69.29999999999999716
78 115 -64.09999999999999432
78 116 -56.10000000000000142
78 117 -45.89999999999999858
78 118 -34.20000000000000284
78 119 -22.30000000000000071
78 120 -11.90000000000000036
78 121 -4.36000000000000032
78 122 -1.050000000000000044
78 123 -0.23000000000000001
78 124 -0.05059999999999999915
78 125 -0.01119999999999999989
78 126             -0.00248
78 127 -0.0005469999999999999602
78 128 -0.0001140000000000000063
78 129 -1.709999999999999891e-05
78 130                    0
78 143                -7670
79 14                -7670
79 66                    0
79 67 7.700000000000000139e-05
79 68 0.0005130000000000000011
79 69 0.002469999999999999973
79 70 0.01119999999999999989
79 71 0.0500999999999999987
79 72 0.2240000000000000047
79 73 1.010000000000000009
79 74 4.530000000000000249
79 75 19.80000000000000071
79 76 55.20000000000000284
79 77                  101
79 78               -47800
79 79               111000
79 80               -47700
79 81                  213
79 82                  200
79 83                  174
79 84                  141
79 85                  104
79 86 70.09999999999999432
79 87 40.60000000000000142
79 88 17.39999999999999858
79 89 0.5949999999999999734
79 90                -10.5
79 91 -17.30000000000000071
79 92 -21.10000000000000142
79 93 -23.19999999999999929
79 94 -24.69999999999999929
79 95 -26.39999999999999858
79 96 -28.39999999999999858
79 97 -31.10000000000000142
79 98 -34.29999999999999716
79 99                  -38
79 100 -41.89999999999999858
79 101 -46.10000000000000142
79 102 -50.39999999999999858
79 103 -54.79999999999999716
79 104                -59.5
79 105                -64.5
79 106 -69.90000000000000568
79 107                -75.5
79 108 -81.29999999999999716
79 109                  -87
79 110 -92.09999999999999432
79 111 -96.09999999999999432
79 112 -98.20000000000000284
79 113 -97.79999999999999716
79 114 -94.09999999999999432
79 115 -86.79999999999999716
79 116 -75.90000000000000568
79 117 -61.79999999999999716
79 118 -45.89999999999999858
79 119 -29.80000000000000071
79 120 -15.69999999999999929
79 121 -5.650000000000000355
79 122 -1.320000000000000062
79 123 -0.2859999999999999765
79 124 -0.06210000000000000242
79 125 -0.01349999999999999985
79 126 -0.002949999999999999931
79 127 -0.0006380000000000000037
79 128 -0.0001299999999999999886
79 129 -1.930000000000000156e-05
79 130                    0
79 144                -7670
80 15                -7670
80 66                    0
80 67 7.729999999999999513e-05
80 68 0.0005190000000000000386
80 69 0.002530000000000000131
80 70 0.0115999999999999992
80 71 0.05229999999999999927
80 72 0.2369999999999999885
80 73 1.070000000000000062
80 74 4.849999999999999645
80 75 21.39999999999999858
80 76 60.10000000000000142
80 77                  111
80 78                  164
80 79               -47700
80 80               111000
80 81               -47700
80 82                  238
80 83                  214
80 84                  180
80 85                  142
80 86                  103
80 87 68.09999999999999432
80 88 38.70000000000000284
80 89                 15.5
80 90 -1.600000000000000089
80 91 -13.59999999999999964
80 92 -21.69999999999999929
80 93 -27.10000000000000142
80 94 -30.89999999999999858
80 95 -33.89999999999999858
80 96 -36.70000000000000284
80 97 -39.70000000000000284
80 98                  -43
80 99 -46.79999999999999716
80 100 -50.89999999999999858
80 101                -55.5
80 102                -60.5
80 103                  -66
80 104 -72.09999999999999432
80 105 -78.70000000000000284
80 106 -85.70000000000000284
80 107 -93.20000000000000284
80 108                 -101
80 109                 -108
80 110                 -115
80 111                 -120
80 112                 -122
80 113                 -121
80 114                 -116
80 115                 -107
80 116 -93.40000000000000568
80 117 -75.90000000000000568
80 118 -56.10000000000000142
80 119 -36.39999999999999858
80 120 -19.10000000000000142
80 121 -6.780000000000000249
80 122 -1.550000000000000044
80 123 -0.3330000000000000182
80 124 -0.07169999999999999984
80 125 -0.01540000000000000049
80 126 -0.003299999999999999982
80 127 -0.0006970000000000000284
80 128 -0.0001389999999999999905
80 129 -2.019999999999999972e-05
80 130                    0
80 145                -7670
81 16                -7670
81 66                    0
81 67 7.050000000000000602e-05
81 68 0.0004780000000000000178
81 69 0.002360000000000000119
81 70 0.01099999999999999936
81 71 0.05020000000000000157
81 72 0.2290000000000000091
81 73 1.050000000000000044
81 74 4.790000000000000036
81 75 21.10000000000000142
81 76 59.20000000000000284
81 77                  111
81 78                  165
81 79                  213
81 80               -47700
81 81               111000
81 82               -47700
81 83                  244
81 84                  215
81 85                  178
81 86                  139
81 87                  101
81 88 67.20000000000000284
81 89 37.89999999999999858
81 90 14.19999999999999929
81 91 -4.13999999999999968
81 92 -17.80000000000000071
81 93 -27.60000000000000142
81 94 -34.60000000000000142
81 95 -39.70000000000000284
81 96 -43.60000000000000142
81 97 -46.89999999999999858
81 98 -50.20000000000000284
81 99 -53.79999999999999716
81 100 -57.89999999999999858
81 101 -62.70000000000000284
81 102 -68.20000000000000284
81 103 -74.59999999999999432
81 104 -81.90000000000000568
81 105                  -90
81 106 -98.70000000000000284
81 107                 -108
81 108                 -117
81 109                 -126
81 110                 -133
81 111                 -139
81 112                 -142
81 113                 -140
81 114                 -134
81 115                 -123
81 116                 -107
81 117 -86.79999999999999716
81 118 -64.09999999999999432
81 119 -41.39999999999999858
81 120 -21.69999999999999929
81 121 -7.669999999999999929
81 122 -1.739999999999999991
81 123 -0.3709999999999999964
81 124 -0.07900000000000000078
81 125 -0.01669999999999999957
81 126 -0.003520000000000000125
81 127 -0.0007290000000000000473
81 128 -0.0001420000000000000092
81 129 -2.029999999999999876e-05
81 130                    0
81 146                -7670
82 17                -7670
82 66                    0
82 67 5.789999999999999791e-05
82 68 0.0003989999999999999949
82 69 0.002010000000000000068
82 70 0.009520000000000000684
82 71 0.04440000000000000197
82 72 0.2059999999999999887
82 73 0.9519999999999999574
82 74  4.38999999999999968
82 75 19.10000000000000142
82 76 53.39999999999999858
82 77                  100
82 78                  152
82 79                  200
82 80                  238
82 81               -47700
82 82               111000
82 83               -47700
82 84                  241
82 85                  211
82 86                  175
82 87                  137
82 88                  100
82 89 65.70000000000000284
82 90 35.89999999999999858
82 91                   11
82 92 -8.679999999999999716
82 93 -23.69999999999999929
82 94 -34.60000000000000142
82 95 -42.29999999999999716
82 96 -47.79999999999999716
82 97 -51.79999999999999716
82 98 -55.20000000000000284
82 99 -58.70000000000000284
82 100 -62.60000000000000142
82 101 -67.40000000000000568
82 102 -73.40000000000000568
82 103                -80.5
82 104 -88.70000000000000284
82 105                  -98
82 106                 -108
82 107                 -119
82 108                 -129
82 109                 -139
82 110                 -147
82 111                 -153
82 112                 -156
82 113                 -154
82 114                 -147
82 115                 -134
82 116                 -116
82 117 -94.09999999999999432
82 118 -69.29999999999999716
82 119 -44.70000000000000284
82 120 -23.39999999999999858
82 121 -8.289999999999999147
82 122 -1.889999999999999902
82 123 -0.4000000000000000222
82 124 -0.08419999999999999707
82 125 -0.01760000000000000106
82 126 -0.003650000000000000033
82 127 -0.000742000000000000038
82 128 -0.000141000000000000012
82 129 -1.970000000000000112e-05
82 130                    0
82 147                -7670
83 18                -7670
83 66                    0
83 67 4.179999999999999959e-05
83 68 0.0002970000000000000092
83 69 0.001539999999999999919
83 70 0.007530000000000000235
83 71 0.03599999999999999728
83 72 0.1710000000000000131
83 73 0.8020000000000000462
83 74 3.759999999999999787
83 75 15.90000000000000036
83 76 43.89999999999999858
83 77 83.40000000000000568
83 78                  129
83 79                  174
83 80                  214
83 81                  244
83 82               -47700
83 83               111000
83 84               -47700
83 85                  235
83 86                  206
83 87                  171
83 88                  133
83 89 96.20000000000000284
83 90                 61.5
83 91                   31
83 92 5.490000000000000213
83 93 -14.69999999999999929
83 94                  -30
83 95 -40.89999999999999858
83 96 -48.39999999999999858
83 97 -53.60000000000000142
83 98 -57.60000000000000142
83 99 -61.10000000000000142
83 100 -65.09999999999999432
83 101                  -70
83 102 -76.09999999999999432
83 103 -83.70000000000000284
83 104 -92.70000000000000284
83 105                 -103
83 106                 -114
83 107                 -126
83 108                 -137
83 109                 -147
83 110                 -156
83 111                 -162
83 112                 -164
83 113                 -162
83 114                 -154
83 115                 -140
83 116                 -121
83 117 -97.79999999999999716
83 118 -71.90000000000000568
83 119 -46.29999999999999716
83 120 -24.30000000000000071
83 121 -8.669999999999999929
83 122 -1.989999999999999991
83 123 -0.4199999999999999845
83 124 -0.08809999999999999776
83 125 -0.01830000000000000029
83 126 -0.003749999999999999861
83 127 -0.0007489999999999999913
83 128 -0.0001399999999999999877
83 129 -1.919999999999999913e-05
83 130                    0
83 148                -7670
84 19                -7670
84 66                    0
84 67 2.50000000000000012e-05
84 68 0.000187999999999999989
84 69 0.001039999999999999909
84 70 0.005340000000000000129
84 71 0.02659999999999999865
84 72 0.1300000000000000044
84 73 0.6270000000000000018
84 74                    3
84 75 12.19999999999999929
84 76 32.79999999999999716
84 77 63.10000000000000142
84 78                  100
84 79                  141
84 80                  180
84 81                  215
84 82                  241
84 83               -47700
84 84               111000
84 85               -47700
84 86                  228
84 87                  198
84 88                  163
84 89                  126
84 90 88.70000000000000284
84 91 54.20000000000000284
84 92 24.10000000000000142
84 93 -0.8129999999999999449
84 94 -20.19999999999999929
84 95 -34.60000000000000142
84 96 -44.79999999999999716
84 97 -51.79999999999999716
84 98 -56.89999999999999858
84 99 -61.10000000000000142
84 100 -65.40000000000000568
84 101 -70.59999999999999432
84 102                  -77
84 103 -84.90000000000000568
84 104 -94.40000000000000568
84 105                 -105
84 106                 -117
84 107                 -129
84 108                 -140
84 109                 -151
84 110                 -160
84 111                 -165
84 112                 -167
84 113                 -164
84 114                 -156
84 115                 -142
84 116                 -122
84 117 -98.20000000000000284
84 118 -72.09999999999999432
84 119                -46.5
84 120                -24.5
84 121 -8.839999999999999858
84 122 -2.06999999999999984
84 123 -0.4359999999999999987
84 124 -0.09120000000000000329
84 125 -0.01890000000000000013
84 126 -0.003850000000000000124
84 127 -0.0007630000000000000063
84 128 -0.000141000000000000012
84 129 -1.919999999999999913e-05
84 130                    0
84 149                -7670
85 20                -7670
85 66                    0
85 67 9.799999999999999345e-06
85 68 8.820000000000000257e-05
85 69 0.000568000000000000037
85 70 0.003249999999999999851
85 71 0.01750000000000000167
85 72 0.08999999999999999667
85 73 0.4520000000000000129
85 74 2.229999999999999982
85 75 8.429999999999999716
85 76 21.69999999999999929
85 77                 42.5
85 78                 70.5
85 79                  104
85 80                  142
85 81                  178
85 82                  211
85 83                  235
85 84               -47700
85 85               111000
85 86               -47700
85 87                  217
85 88                  187
85 89                  152
85 90                  115
85 91 78.70000000000000284
85 92 45.79999999999999716
85 93 17.39999999999999858
85 94 -5.599999999999999645
85 95 -23.39999999999999858
85 96 -36.60000000000000142
85 97 -46.10000000000000142
85 98 -53.10000000000000142
